0.000	0.000
1.000	55.000
2.000	53.000
3.000	56.000
4.000	63.000
5.000	56.000
6.000	61.000
7.000	53.000
8.000	65.000
9.000	65.000
10.000	49.000
11.000	61.000
12.000	63.000
13.000	66.000
14.000	60.000
15.000	56.000
16.000	60.000
17.000	55.000
18.000	54.000
19.000	58.000
20.000	44.000
21.000	50.000
22.000	58.000
23.000	35.000
24.000	47.000
25.000	49.000
26.000	44.000
27.000	53.000
28.000	47.000
29.000	41.000
30.000	62.000
31.000	52.000
32.000	43.000
33.000	50.000
34.000	47.000
35.000	43.000
36.000	47.000
37.000	41.000
38.000	36.000
39.000	37.000
40.000	31.000
41.000	30.000
42.000	44.000
43.000	49.000
44.000	44.000
45.000	38.000
46.000	45.000
47.000	43.000
48.000	42.000
49.000	47.000
50.000	37.000
51.000	35.000
52.000	33.000
53.000	47.000
54.000	42.000
55.000	40.000
56.000	26.000
57.000	36.000
58.000	34.000
59.000	29.000
60.000	37.000
61.000	27.000
62.000	22.000
63.000	26.000
64.000	28.000
65.000	35.000
66.000	32.000
67.000	40.000
68.000	25.000
69.000	26.000
70.000	30.000
71.000	33.000
72.000	25.000
73.000	29.000
74.000	19.000
75.000	26.000
76.000	30.000
77.000	26.000
78.000	27.000
79.000	23.000
80.000	29.000
81.000	22.000
82.000	26.000
83.000	24.000
84.000	24.000
85.000	23.000
86.000	17.000
87.000	24.000
88.000	16.000
89.000	23.000
90.000	25.000
91.000	15.000
92.000	28.000
93.000	28.000
94.000	27.000
95.000	21.000
96.000	21.000
97.000	19.000
98.000	18.000
99.000	17.000
100.000	16.000
101.000	21.000
102.000	22.000
103.000	17.000
104.000	21.000
105.000	14.000
106.000	18.000
107.000	13.000
108.000	14.000
109.000	16.000
110.000	19.000
111.000	19.000
112.000	12.000
113.000	13.000
114.000	27.000
115.000	11.000
116.000	13.000
117.000	18.000
118.000	11.000
119.000	19.000
120.000	18.000
121.000	18.000
122.000	20.000
123.000	13.000
124.000	21.000
125.000	11.000
126.000	19.000
127.000	15.000
128.000	18.000
129.000	20.000
130.000	21.000
131.000	14.000
132.000	19.000
133.000	22.000
134.000	19.000
135.000	13.000
136.000	19.000
137.000	17.000
138.000	9.000
139.000	13.000
140.000	22.000
141.000	16.000
142.000	15.000
143.000	9.000
144.000	17.000
145.000	9.000
146.000	10.000
147.000	12.000
148.000	26.000
149.000	9.000
150.000	15.000
151.000	7.000
152.000	11.000
153.000	14.000
154.000	16.000
155.000	8.000
156.000	10.000
157.000	10.000
158.000	12.000
159.000	12.000
160.000	9.000
161.000	14.000
162.000	11.000
163.000	6.000
164.000	9.000
165.000	11.000
166.000	9.000
167.000	10.000
168.000	12.000
169.000	12.000
170.000	6.000
171.000	10.000
172.000	7.000
173.000	12.000
174.000	12.000
175.000	10.000
176.000	12.000
177.000	16.000
178.000	13.000
179.000	6.000
180.000	12.000
181.000	8.000
182.000	7.000
183.000	7.000
184.000	9.000
185.000	10.000
186.000	13.000
187.000	7.000
188.000	8.000
189.000	4.000
190.000	7.000
191.000	9.000
192.000	9.000
193.000	5.000
194.000	11.000
195.000	8.000
196.000	11.000
197.000	7.000
198.000	9.000
199.000	8.000
200.000	8.000
201.000	8.000
202.000	3.000
203.000	7.000
204.000	9.000
205.000	7.000
206.000	11.000
207.000	7.000
208.000	4.000
209.000	7.000
210.000	6.000
211.000	9.000
212.000	6.000
213.000	7.000
214.000	7.000
215.000	7.000
216.000	5.000
217.000	8.000
218.000	4.000
219.000	10.000
220.000	6.000
221.000	6.000
222.000	9.000
223.000	8.000
224.000	7.000
225.000	6.000
226.000	9.000
227.000	12.000
228.000	7.000
229.000	6.000
230.000	8.000
231.000	3.000
232.000	4.000
233.000	9.000
234.000	9.000
235.000	4.000
236.000	10.000
237.000	6.000
238.000	7.000
239.000	4.000
240.000	2.000
241.000	6.000
242.000	4.000
243.000	4.000
244.000	6.000
245.000	8.000
246.000	6.000
247.000	10.000
248.000	7.000
249.000	6.000
250.000	10.000
251.000	6.000
252.000	6.000
253.000	9.000
254.000	7.000
255.000	3.000
256.000	4.000
257.000	7.000
258.000	10.000
259.000	4.000
260.000	6.000
261.000	6.000
262.000	4.000
263.000	4.000
264.000	5.000
265.000	5.000
266.000	3.000
267.000	7.000
268.000	2.000
269.000	3.000
270.000	6.000
271.000	4.000
272.000	5.000
273.000	4.000
274.000	4.000
275.000	6.000
276.000	5.000
277.000	7.000
278.000	6.000
279.000	3.000
280.000	1.000
281.000	10.000
282.000	5.000
283.000	4.000
284.000	6.000
285.000	8.000
286.000	3.000
287.000	8.000
288.000	4.000
289.000	2.000
290.000	5.000
291.000	3.000
292.000	5.000
293.000	2.000
294.000	0.000
295.000	4.000
296.000	10.000
297.000	3.000
298.000	5.000
299.000	3.000
300.000	3.000
