0.000	0.000
1.000	83.000
2.000	82.000
3.000	87.000
4.000	85.000
5.000	81.000
6.000	83.000
7.000	81.000
8.000	74.000
9.000	72.000
10.000	62.000
11.000	72.000
12.000	82.000
13.000	86.000
14.000	74.000
15.000	77.000
16.000	65.000
17.000	70.000
18.000	75.000
19.000	69.000
20.000	75.000
21.000	82.000
22.000	71.000
23.000	70.000
24.000	67.000
25.000	70.000
26.000	49.000
27.000	70.000
28.000	68.000
29.000	76.000
30.000	67.000
31.000	72.000
32.000	64.000
33.000	75.000
34.000	80.000
35.000	69.000
36.000	73.000
37.000	57.000
38.000	60.000
39.000	46.000
40.000	64.000
41.000	64.000
42.000	64.000
43.000	58.000
44.000	61.000
45.000	61.000
46.000	61.000
47.000	70.000
48.000	61.000
49.000	60.000
50.000	60.000
51.000	71.000
52.000	60.000
53.000	64.000
54.000	63.000
55.000	56.000
56.000	58.000
57.000	63.000
58.000	52.000
59.000	55.000
60.000	52.000
61.000	59.000
62.000	53.000
63.000	59.000
64.000	42.000
65.000	65.000
66.000	42.000
67.000	64.000
68.000	56.000
69.000	62.000
70.000	49.000
71.000	37.000
72.000	47.000
73.000	51.000
74.000	40.000
75.000	50.000
76.000	41.000
77.000	50.000
78.000	40.000
79.000	38.000
80.000	33.000
81.000	51.000
82.000	40.000
83.000	44.000
84.000	34.000
85.000	38.000
86.000	59.000
87.000	46.000
88.000	36.000
89.000	38.000
90.000	46.000
91.000	34.000
92.000	34.000
93.000	39.000
94.000	43.000
95.000	47.000
96.000	32.000
97.000	36.000
98.000	30.000
99.000	25.000
100.000	34.000
101.000	37.000
102.000	36.000
103.000	38.000
104.000	24.000
105.000	24.000
106.000	31.000
107.000	29.000
108.000	39.000
109.000	34.000
110.000	29.000
111.000	25.000
112.000	21.000
113.000	29.000
114.000	25.000
115.000	39.000
116.000	36.000
117.000	39.000
118.000	25.000
119.000	33.000
120.000	33.000
121.000	32.000
122.000	24.000
123.000	24.000
124.000	28.000
125.000	32.000
126.000	30.000
127.000	34.000
128.000	25.000
129.000	21.000
130.000	21.000
131.000	24.000
132.000	17.000
133.000	22.000
134.000	27.000
135.000	31.000
136.000	18.000
137.000	21.000
138.000	18.000
139.000	25.000
140.000	25.000
141.000	30.000
142.000	21.000
143.000	39.000
144.000	29.000
145.000	24.000
146.000	23.000
147.000	12.000
148.000	21.000
149.000	16.000
150.000	31.000
151.000	21.000
152.000	19.000
153.000	18.000
154.000	20.000
155.000	16.000
156.000	24.000
157.000	21.000
158.000	10.000
159.000	17.000
160.000	21.000
161.000	20.000
162.000	18.000
163.000	18.000
164.000	16.000
165.000	19.000
166.000	16.000
167.000	33.000
168.000	26.000
169.000	15.000
170.000	15.000
171.000	20.000
172.000	15.000
173.000	13.000
174.000	14.000
175.000	21.000
176.000	12.000
177.000	13.000
178.000	16.000
179.000	13.000
180.000	16.000
181.000	13.000
182.000	10.000
183.000	18.000
184.000	23.000
185.000	13.000
186.000	14.000
187.000	15.000
188.000	16.000
189.000	20.000
190.000	12.000
191.000	15.000
192.000	18.000
193.000	16.000
194.000	14.000
195.000	8.000
196.000	9.000
197.000	11.000
198.000	11.000
199.000	15.000
200.000	15.000
201.000	14.000
202.000	13.000
203.000	16.000
204.000	13.000
205.000	9.000
206.000	14.000
207.000	12.000
208.000	11.000
209.000	11.000
210.000	14.000
211.000	18.000
212.000	8.000
213.000	13.000
214.000	6.000
215.000	12.000
216.000	12.000
217.000	10.000
218.000	8.000
219.000	7.000
220.000	17.000
221.000	10.000
222.000	11.000
223.000	7.000
224.000	13.000
225.000	16.000
226.000	15.000
227.000	13.000
228.000	9.000
229.000	10.000
230.000	16.000
231.000	8.000
232.000	11.000
233.000	9.000
234.000	12.000
235.000	13.000
236.000	8.000
237.000	12.000
238.000	8.000
239.000	9.000
240.000	5.000
241.000	9.000
242.000	7.000
243.000	12.000
244.000	13.000
245.000	11.000
246.000	12.000
247.000	9.000
248.000	7.000
249.000	13.000
250.000	12.000
251.000	7.000
252.000	6.000
253.000	15.000
254.000	9.000
255.000	10.000
256.000	7.000
257.000	7.000
258.000	10.000
259.000	6.000
260.000	14.000
261.000	8.000
262.000	5.000
263.000	8.000
264.000	13.000
265.000	10.000
266.000	13.000
267.000	4.000
268.000	7.000
269.000	10.000
270.000	11.000
271.000	13.000
272.000	7.000
273.000	6.000
274.000	8.000
275.000	5.000
276.000	6.000
277.000	10.000
278.000	8.000
279.000	9.000
280.000	10.000
281.000	10.000
282.000	6.000
283.000	10.000
284.000	4.000
285.000	7.000
286.000	6.000
287.000	6.000
288.000	5.000
289.000	7.000
290.000	9.000
291.000	4.000
292.000	9.000
293.000	6.000
294.000	6.000
295.000	13.000
296.000	6.000
297.000	4.000
298.000	7.000
299.000	3.000
300.000	7.000
